1           6           0
2.5         6           0
1.5         6           0
1.2         6           0
4.2         6           0
8           6           1
3.5         6           1
2.75        6           1
3.75        4           1
1.1         6           1
6.5         4           1
1.7         5           0
0.9         6           0
2.2         6           1
5.5         4           0
5           6           1   
1.3         6           1
3.85        6           0
0.75        6           1
2           6           0